320,500,4,3,1,1300000
102,50,1,2,,480000
211,200,3,3,3,990000
224,400,,2,,1100000
200,137,4,3,1,800000
150,182,6,3,2,,650000
133,100,2,2,,636000
231,146,37,3,3,3,1060000
226,500,6,4,4,1350000
200,480,8,2,,750000
230,610,8,3,,950000
119,203,2,3,,600000
300,189,4,3,3,1300000
350,250,6,3,2,1050000
400,200,8,3,3,1100000
160,70,3,3,1,595000
80,48,1,2,,300000
451,480,5,3,1,1800000
230,200,3,3,3,950000
135,143,3,2,,765000
80,48,,2,,300000
227,180,4,4,2,1200000
280,400,4,4,1,1500000
130,74,1,3,1,480000
80,48,1,2,,300000
130,74,1,3,,450000
370,500,6,4,1,800000
283,8,205,2,3,1,1272000
173,110,1,3,1,700000
160,220,6,2,,800000
,130,2,2,,490000
200,500,1,3,1,910000
173,120,1,3,,590000
179,126,2,2,,640000
250,106,2,3,1,700000
109,66,7,1,3,,450000
196,116,2,3,1,730000
280,215,2,3,3,850000
160,132,2,3,,750000
113,66,4,2,2,1,470000
380,192,4,5,3,2,980000
216,275,2,4,,750000
352,408,,4,4,2900000
139,122,85,2,2,1,520000
340,168,5,2,,700000
310,300,2,3,1,800000
202,140,4,4,1,750000
226,171,3,3,1,1000000
80,100,1,3,,630000
,,2,4,4,1600000
178,231,2,2,,850000
400,500,4,3,1,1300000
102,51,,2,,290000
120,140,2,2,,470000
102,51,,2,,290000
250,146,1,2,,500000
230,238,8,3,,1120000
128,300,3,2,1,800000
320,400,7,3,1,2200000
250,264,4,1,,1550000
190,205,3,3,1,950000
140,196,2,3,1,650000
352,408,,4,4,2900000
150,271,5,2,,900000
100,175,2,2,,650000
100,225,2,2,,600000
145,200,3,3,1,900000
214,150,3,3,1,950000
210,227,5,3,3,,850000
129,71,4,2,3,1,640000
177,144,2,3,1,600000
128,210,2,2,,540000
400,210,2,2,1,1100000
204,153,2,2,,800000
300,175,4,4,4,850000
80,120,,2,,400000
449,330,4,4,1,1000000
500,500,8,3,1,1500000
150,58,17,1,2,1,600000
222,117,2,3,3,890000
360,,6,3,3,1850000
154,240,2,2,,600000
400,400,4,3,1,1500000
260,306,3,2,,1260000
140,200,3,1,,600000
120,200,,2,,540000
,400,3,3,,850000
155,196,2,2,2,750000
,,6,3,3,1600000
113,205,6,2,1,510000
212,125,2,3,1,690000
130,192,2,3,,630000
198,430,8,4,3,1100000
380,500,1,3,,1400000
,,1,3,,520000
440,210,7,3,3,1200000
156,176,5,2,2,,650000
500,298,85,4,3,,1350000
187,500,6,3,,950000
155,132,3,3,3,830000
240,324,1,3,,750000
350,196,6,3,3,1350000
230,450,8,4,1,1300000
300,360,5,4,3,1700000
111,100,2,2,,600000
500,700,3,4,1,2400000
100,106,7,1,2,,400000
214,456,4,3,,1400000
279,160,5,3,3,1050000
90,75,2,3,,450000
155,149,1,3,1,850000
210,143,2,3,1,800000
123,71,4,2,3,3,700000
,,,3,1,900000
224,450,2,5,1,,1200000
140,77,2,3,,480000
100,165,75,2,2,,530000
99,60,42,2,3,,500000
412,210,6,3,3,1320000
292,165,4,3,3,900000
150,250,2,2,,560000
228,111,6,3,3,1,850000
311,164,75,6,4,,550000
251,139,7,2,3,2,900000
200,500,5,3,,1200000
170,150,2,3,1,630000
,250,1,1,,750000
80,48,1,2,,300000
199,150,2,3,1,650000
170,86,2,,2,,590000
286,197,4,3,1,800000
291,28,320,3,3,1,850000
185,188,5,3,3,1,850000
341,175,4,3,1,1050000
208,138,7,7,4,1,800000
170,150,4,3,,640000
300,322,4,3,,1400000
202,115,2,2,1,650000
80,48,1,2,,300000
347,290,8,3,1,990000
150,100,2,3,1,850000
130,500,6,3,,1600000
,300,3,2,1,660000
500,700,3,4,1,2400000
176,200,1,2,,1050000
,250,2,3,,850000
230,380,5,3,1,1080000
100,154,3,2,1,500000
80,48,1,2,,300000
122,110,71,2,2,,480000
200,500,4,2,,1200000
124,80,1,2,2,550000
330,320,6,4,4,1100000
258,8,143,4,4,1,1100000
182,150,2,3,1,650000
340,198,6,4,1,1380000
151,216,2,3,,550000
100,450,2,1,,1380000
80,48,,2,,300000
228,167,9,2,3,1,800000
80,48,1,2,,300000
,182,3,1,,650000
110,63,2,3,1,470000
202,115,07,2,3,1,600000
180,210,2,2,,550000
320,400,7,3,1,2200000
228,230,4,3,1,430000
162,171,3,3,,770000
180,200,4,1,,900000
237,270,3,2,,770000
226,220,4,2,,720000
217,177,2,3,,950000
135,199,3,2,1,650000
166,,2,2,,550000
267,166,7,6,3,1,850000
252,154,4,2,1,750000
100,60,1,2,,480000
200,90,62,2,3,1,620000
300,325,1,3,2,1200000
142,42,266,2,2,,750000
122,161,32,3,2,,650000
112,190,3,2,,410000
500,356,4,5,,690000
300,230,3,3,3,954000
142,123,2,3,1,630000
150,310,7,2,,595000
211,200,3,3,3,990000
,92,4,4,3,3,700000
189,140,4,4,2,870000
140,70,2,3,,690000
244,217,6,3,1,900000
158,179,65,2,3,1,580000
150,250,3,2,,600000
200,780,2,2,,1950000
305,159,25,2,3,1,850000
120,255,6,2,,550000
105,131,3,3,1,550000
98,66,2,3,,620000
333,222,5,3,3,1,800000
90,150,1,2,,640000
94,69,1,2,,430000
210,175,5,4,,890000
290,147,5,3,3,900000
207,133,9,2,3,2,670000
200,500,2,2,,1150000
167,108,32,2,3,,600000
96,115,1,2,,450000
106,60,2,3,1,430000
71,81,1,1,,375000
120,125,2,3,,500000
129,200,6,2,1,1100000
190,99,6,2,3,1,700000
133,208,6,,1,,450000
160,324,7,2,,560000
310,130,1,2,,750000
200,320,5,2,,890000
